100
494.0 1.0 1094.0
487.62182 1.54513 1312.41501
339.0 1.0 136.0
222.9 2.65 717.49818
493.21092 1.21795 1992.68230
496.84574 1.46525 1934.71066
492.79066 1.06679 1911.61091
498.86642 1.49150 1904.27602
134.55777 2.88050 79.43790
429.00000 2.00000 461.00000
360.34 2.238 1361.5
227.0 3.0 78.0
320.52342 1.77893 153.85823
491.42744 1.32001 1937.70764
493.25438 1.10250 1917.46948
274.9915 4.000 22.0
14.0 1.0 1945.3
428.20779 1.20818 1872.77396
458.00000 2.00000 916.00000
491.93618 1.11819 1970.03790
146.0 4.0 1581.0
307.00000 2.00000 614.00000
478.0 1.0 165.0
463.0 1.5373 153.2374
491.40174 1.27653 1983.38348
1.31194 2.91415 2.29701
493.22815 1.32842 1985.71503
491.26944 1.46917 1927.56580
494.70018 1.13195 1942.64270
497.49140 1.20237 1905.56085
498.27160 1.08659 1911.52469
233.8844 3.69790 182.29804
245.49494 3.84233 1211.72438
299.353 3.502 17.0
211.0 2.0 1060.0
497.65944 1.33025 1926.05481
493.37568 1.36207 1927.14640
225.0 4.0 1823.0
239.06753 3.51990 777.81875
496.66594 1.27209 1992.14427
123.27482 1.80241 1538.76329
498.00013 1.42796 1939.64070
174.79167 1.15628 1739.22961
497.95190 1.03245 1950.43161
493.32123 1.05974 1919.47695
494.0 3.0 1295.0
159.00000 2.00000 318.00000
1.03666 3.84101 1999.89394
403.03718 1.37039 117.04212
53.5213 3.0 673.5248
195.3 1.9840 1.0
309.00000 3.00000 313.00000
232.09755 1.4679 280.0
491.48934 1.19512 1941.73056
468.22 1.00 1830.839
493.31877 1.09436 1916.81971
13.44621 3.48781 1735.50075
45.88774 3.58184 149.30208
1.07173 3.12489 1999.57051
493.60829 1.21972 1970.16828
494.18641 1.26963 1928.53912
163.38928 3.19814 883.53237
230.9035 3.0 582.3
12.93281 2.47577 459.76610
427.0 3.0 1958.0
193.52 2.0508 60.6
500.00 2.65 1737.2642
401.00000 2.00000 802.00000
393.05927 1.93624 527.87851
182.53158 2.64818 933.79684
498.44352 1.48886 1933.02548
159.0 4.0 1323.0
412.00000 4.00000 447.00000
131.83816 1.70673 1932.23684
385.72659 3.98774 1982.53936
498.09901 1.03463 1911.54033
133.0 1.0 1936.0
327.0 2.0 415.0
491.17212 1.47207 1933.54113
87.64214 3.8383 2000.0000
491.62487 1.24047 1927.95063
209.80307 1.84605 1041.37842
357.84808 2.93948 1782.89111
1.02847 3.18322 1999.14901
53.86 3.512 1513.0
497.28239 1.03633 1948.88202
232.851 3.570 490.83
1.00 2.0 1932.0
490.40080 1.16710 1923.45413
493.43944 1.43676 1986.24721
349.31063 2.0 324.230
490.18251 2.03650 58.26592
497.78455 1.00503 1985.65288
490.15469 1.47709 1964.00156
495.40918 1.38383 1987.65978
493.24229 1.15831 1925.16004
1.01321 3.84648 1999.30253
304.00000 2.00000 349.00000
373.0 4.0 998.0
498.80502 1.41752 1961.24677
