1000
19 295
21 197
181 731
15 302
178 719
71 755
30 891
97 394
178 718
59 917
102 205
219 439
112 225
135 271
382 765
1 1000
380 761
380 893
141 570
141 569
141 571
141 600
285 571
285 652
34 300
34 299
34 301
34 354
255 511
255 820
243 487
243 647
170 341
170 359
2 377
2 376
2 378
2 398
265 531
265 624
139 562
139 561
139 563
139 635
88 925
88 924
88 926
88 981
293 587
293 873
245 491
245 766
134 269
134 511
116 711
116 710
116 712
116 851
80 495
80 494
80 496
80 565
372 745
372 888
117 474
117 473
117 475
117 698
233 467
233 734
240 481
240 955
358 717
358 805
149 299
149 354
163 658
163 657
163 659
163 901
182 734
182 733
182 735
182 890
120 988
120 987
120 989
120 990
305 611
305 777
141 283
141 412
172 694
172 693
172 695
172 785
65 405
65 404
65 406
65 515
16 510
16 509
16 511
16 567
84 342
84 341
84 343
84 385
146 293
146 407
27 639
27 638
27 640
27 706
288 577
288 978
239 479
239 707
236 473
236 924
53 575
53 574
53 576
53 696
399 799
399 929
188 377
188 583
124 759
124 758
124 760
124 925
79 489
79 488
79 490
79 658
37 609
37 608
37 610
37 666
36 696
36 695
36 697
36 770
86 350
86 349
86 351
86 525
147 295
147 552
307 615
307 758
175 351
175 520
82 684
82 683
82 685
82 826
219 439
219 597
222 445
222 474
112 924
112 923
112 925
112 956
52 819
52 818
52 820
52 830
66 705
66 704
66 706
66 804
166 333
166 367
78 318
78 317
78 319
78 381
45 91
45 122
163 327
163 358
111 681
111 680
111 682
111 860
112 687
112 686
112 688
112 872
448 897
448 947
189 379
189 466
107 434
107 433
107 435
107 593
26 803
266 533
266 724
225 451
225 603
338 677
338 813
87 175
87 331
130 526
130 525
130 527
130 780
1 55
1 54
1 56
1 77
459 919
459 952
314 629
314 634
351 703
351 746
126 771
126 770
126 772
126 789
174 349
174 629
70 435
70 434
70 436
70 535
152 927
152 926
152 928
152 954
116 233
116 282
143 287
143 465
48 642
48 641
48 643
48 736
236 473
236 619
71 143
71 259
415 831
415 921
179 722
179 721
179 723
179 918
257 515
257 988
13 663
13 662
13 664
13 669
228 457
228 530
204 822
204 821
204 823
204 998
157 315
157 540
96 591
96 590
96 592
96 675
76 805
76 804
76 806
76 896
17 854
17 853
17 855
17 867
80 326
80 325
80 327
80 408
189 762
189 761
189 763
189 845
9 559
9 558
9 560
9 597
189 762
189 761
189 763
189 975
77 314
77 313
77 315
77 469
2 119
2 118
2 120
2 139
181 730
181 729
181 731
181 756
38 623
38 622
38 624
38 724
1 741
1 740
1 742
1 814
267 535
267 664
128 517
128 519
128 715
195 427
85 226
154 621
154 623
154 644
86 530
86 532
86 713
30 125
30 127
30 158
260 912
283 789
282 808
135 545
135 547
135 634
185 549
253 644
50 544
50 546
50 586
177 539
337 897
161 481
138 842
138 844
138 868
100 405
100 407
100 478
116 469
116 471
116 689
34 473
34 475
34 499
259 571
320 836
380 794
151 609
151 611
151 713
43 371
43 373
43 438
20 844
20 846
20 858
31 437
31 439
31 447
157 568
219 489
11 38
68 724
68 726
68 847
160 645
160 647
160 702
271 564
122 746
122 748
122 791
5 979
5 981
5 997
11 197
11 199
11 202
132 533
132 535
132 651
158 637
158 639
158 690
55 594
55 596
55 659
41 454
41 456
41 553
150 517
28 482
28 484
28 511
322 750
345 858
261 595
399 924
272 900
280 801
116 469
116 471
116 670
6 614
6 616
6 672
41 260
41 262
41 347
273 796
212 853
212 855
212 928
107 433
107 435
107 550
29 769
29 771
29 849
426 987
31 275
31 277
31 328
199 501
21 965
21 967
21 978
75 464
75 466
75 506
110 907
110 909
110 938
265 615
281 998
312 636
241 898
273 831
171 689
171 691
171 848
253 589
56 475
56 477
56 578
66 704
66 706
66 790
224 832
30 425
30 427
30 491
106 875
106 877
106 944
122 746
122 748
122 757
60 374
60 376
60 451
13 56
20 82
158 637
158 639
158 764
60 143
208 665
252 980
170 346
482 990
104 341
309 927
214 649
2 778
2 780
2 852
79 834
79 836
79 995
87 723
87 725
87 849
1 819
1 821
1 854
425 881
207 493
260 898
8 532
8 534
8 574
41 775
41 777
41 823
246 923
212 853
212 855
212 929
61 239
137 577
34 320
60 193
229 864
318 900
85 905
9 441
56 701
67 981
49 768
257 615
257 623
20 548
332 715
252 569
20 235
104 798
272 638
130 296
192 915
136 959
145 778
371 830
66 787
339 936
71 218
40 605
102 989
49 663
314 870
464 953
44 684
166 663
242 784
22 877
290 940
401 804
358 979
25 532
4 93
115 347
40 156
98 573
405 917
116 260
103 303
347 905
292 970
165 843
58 696
46 479
94 892
32 485
274 797
436 938
46 915
35 196
284 570
211 701
74 600
215 637
62 395
203 832
176 592
256 875
87 812
9 881
62 658
239 783
5 985
80 788
311 697
193 878
209 469
120 351
124 467
15 72
150 645
102 845
314 946
36 151
27 359
158 426
149 705
123 559
128 330
7 845
148 588
17 480
95 688
3 767
38 671
67 312
152 600
262 841
153 542
195 660
306 847
40 86
5 652
321 953
192 637
75 161
152 448
163 743
201 862
12 665
488 997
407 900
196 587
123 613
77 715
111 794
393 985
136 894
236 803
342 924
5 411
244 622
44 581
459 1000
1 166
256 862
47 687
410 934
115 805
179 370
461 927
91 731
197 666
25 732
476 959
303 903
327 963
413 918
169 511
74 824
106 924
166 665
411 943
284 689
366 794
43 558
278 716
484 1000
225 578
119 732
7 376
115 496
68 384
5 468
30 304
312 741
122 557
176 446
204 546
164 359
31 759
171 721
46 419
23 573
186 543
157 815
39 232
221 801
108 437
328 870
134 941
68 631
117 415
11 636
16 931
34 155
182 827
52 477
63 919
210 758
152 644
226 764
397 862
119 669
168 960
13 813
50 119
92 194
75 191
276 666
327 925
231 862
76 651
210 953
404 827
410 939
289 781
61 551
78 664
32 759
83 232
137 919
201 941
6 406
10 58
119 389
19 41
228 624
243 859
49 937
262 814
133 684
202 731
175 775
190 852
427 966
22 162
445 986
228 875
313 760
54 347
38 546
300 951
77 487
205 811
28 575
284 937
193 531
182 837
216 961
231 511
215 764
188 524
60 412
86 203
66 337
251 774
309 895
203 421
132 843
169 825
71 252
152 946
21 326
3 957
161 864
355 951
47 981
21 587
308 701
302 834
175 847
47 920
333 713
421 913
137 621
156 718
258 821
284 711
1 806
304 631
274 818
171 577
119 671
64 769
222 744
51 338
49 841
30 731
37 758
292 673
121 712
319 673
161 793
331 694
30 538
105 920
23 714
202 639
209 930
64 526
153 373
150 893
31 595
3 838
259 553
180 769
24 671
257 877
160 911
68 794
21 677
179 644
120 345
21 428
353 714
179 660
108 916
419 936
108 656
77 379
419 857
208 736
33 214
13 160
71 341
166 489
310 687
181 991
38 456
168 456
99 826
439 948
13 97
50 883
101 408
270 989
93 449
91 349
252 566
2 716
74 810
340 730
105 528
250 584
235 868
224 680
85 798
51 841
25 728
165 767
286 981
34 416
176 711
5 392
30 182
230 617
316 943
205 987
80 707
7 632
143 936
372 840
152 918
378 795
113 575
61 464
71 973
123 616
300 953
63 226
82 971
42 466
330 806
313 853
238 944
65 150
149 448
321 797
57 373
189 502
6 178
299 654
184 568
348 944
7 459
419 842
214 495
261 979
436 891
397 932
70 861
58 475
322 883
77 582
253 606
102 944
197 459
36 896
8 999
335 889
419 859
142 512
79 573
163 652
18 833
132 682
44 690
75 835
120 481
280 729
336 901
183 870
46 375
91 472
401 886
17 533
194 804
245 562
66 933
98 312
307 875
116 864
90 450
18 50
239 833
250 772
35 842
224 541
8 700
222 830
165 673
5 946
349 978
86 846
116 346
151 956
300 975
53 708
337 712
110 567
98 577
146 615
120 719
1 176
135 553
53 521
429 950
260 622
76 715
166 371
142 468
73 876
97 651
72 520
341 778
145 610
205 578
203 684
313 826
435 883
293 803
60 132
197 806
349 750
199 525
277 595
402 996
8 432
268 737
368 947
92 741
335 771
41 264
32 559
45 432
372 869
228 857
257 521
70 342
19 483
254 727
121 397
285 757
148 547
313 825
460 993
152 951
267 956
202 451
292 711
3 360
403 843
105 489
188 451
14 37
52 610
130 764
42 721
203 599
33 880
416 907
296 786
205 838
149 827
393 921
95 895
450 933
