100
76 243
607 752
751 941
4 65
9 9
74 227
307 682
120 484
483 742
3 5
42 589
7 10
7 302
260 726
122 1000
327 903
68 406
65 485
1 742
21 742
4 742
9 109
7 221
1 122
361 430
484 584
1 1000
4 10
314 410
8 10
1 109
722 948
120 485
4 6
501 818
1 101
384 485
1 37
9 121
273 312
1 6
121 584
318 520
120 742
121 484
8 122
9 485
1 302
1 9
1 10
700 972
643 754
239 792
302 643
121 742
615 644
1 1
3 4
393 862
350 467
1 5
181 304
1 221
576 835
121 302
1 121
727 851
896 977
640 858
1 65
9 302
612 691
723 750
3 584
4 109
10 120
484 484
8 9
226 645
7 109
3 10
3 65
7 65
65 584
436 717
570 945
9 484
8 65
100 1000
1 2
386 390
122 483
479 652
515 564
193 237
3 742
1 4
9 221
21 584
120 221
